-26.453 0.0 0.0 0.0
-26.333 0.0 0.0 0.0
-26.213 0.0 0.0 0.0
-26.093 0.0 0.0 0.0
-25.973 0.0 0.0 0.0
-25.853 0.0 0.0 0.0
-25.734 0.0 0.0 0.0
-25.614 1.07188884e-15 2.108889646e-16 0.0
-25.494 1.193742219e-12 2.351196289e-13 0.0
-25.374 5.144704369e-10 1.013394981e-10 0.0
-25.254 1.100037241e-07 2.167241029e-08 0.0
-25.134 1.1705840973e-05 2.306408388e-06 0.0
-25.014 0.0006219685954 0.0001225803938 0.0
-24.894 0.01656814345 0.003265910961 0.0
-24.774 0.2222805892 0.04382554813 0.0
-24.655 1.5090099056 0.2975302909 0.0
-24.535 5.207063712 1.0268675044 0.0
-24.415 9.22076095 1.817533718 0.0
-24.295 8.9050588 1.7431955 0.0
-24.175 7.0145401 1.3188464 0.0
-24.055 8.5663182 1.53641171 0.0
-23.935 9.34743044 1.659224364 0.0
-23.815 5.667973213 1.0048962048 0.0
-23.695 1.7640542841 0.3127723634 0.0
-23.576 0.278631444 0.04940676649 0.0
-23.456 0.022230180738 0.003941199559 0.0
-23.336 0.0008912725076 0.00015803290702 0.0
-23.216 1.787755295e-05 3.16964576e-06 0.0
-23.096 1.7866356021e-07 3.167777472e-08 0.0
-22.976 8.863666844e-10 1.5715119599e-10 0.0
-22.856 2.1766871973e-12 3.859198602e-13 0.0
-22.736 2.1276025833e-15 3.772429533e-16 0.0
-22.616 0.0 0.0 0.0
-22.497 0.0 0.0 0.0
-22.377 0.0 0.0 0.0
-22.257 0.0 0.0 0.0
-22.137 0.0 0.0 0.0
-22.017 0.0 0.0 0.0
-21.897 0.0 0.0 0.0
-21.777 0.0 0.0 0.0
-21.657 0.0 0.0 0.0
-21.537 2.76663958e-16 3.4219838e-16 0.0
-21.418 1.78322246e-13 2.20493226e-13 0.0
-21.298 8.0139311e-11 9.9077189e-11 0.0
-21.178 1.78337035e-08 2.20516964e-08 0.0
-21.058 1.97757519e-06 2.44471092e-06 0.0
-20.938 0.000109940118 0.00013589035 0.0
-20.818 0.0030927191 0.0038220779 0.0
-20.698 0.044571037 0.055053232 0.0
-20.578 0.33548867 0.41354676 0.0
-20.458 1.3639301 1.66999497 0.0
-20.339 3.205036 3.8452386 0.0
-20.219 4.9111204 5.617236 0.0
-20.099 5.64922 5.8352972 0.0
-19.979 6.34704 4.4265516 0.0
-19.859 12.05563 2.855913 0.0
-19.739 25.58008 2.814456 0.0
-19.619 34.9413 3.247115 0.0
-19.499 27.5976 2.470454 0.0
-19.379 12.28621 1.0787146 0.0
-19.260 2.994488 0.2596097 0.0
-19.140 0.3877327 0.03335619 0.0
-19.020 0.02602429 0.0022293656 0.0
-18.900 0.0008898777 7.604905e-05 0.0
-18.780 1.5319239e-05 1.3076355e-06 0.0
-18.660 1.317157e-07 1.1236771e-08 0.0
-18.540 5.6256446e-10 4.7974494e-11 0.0
-18.420 1.1891718e-12 1.0138631e-13 0.0
-18.300 9.536018e-15 1.8548343e-15 0.0
-18.181 7.4931089e-12 1.4568491e-12 0.0
-18.061 2.7861853e-09 5.415696e-10 0.0
-17.941 5.150241e-07 1.0009663e-07 0.0
-17.821 4.7526633e-05 9.233612e-06 0.0
-17.701 0.0022014247 0.0004274021 0.0
-17.581 0.051614073 0.010004861 0.0
-17.461 0.62110252 0.11993117 0.0
-17.341 3.9365533 0.7527492 0.0
-17.221 13.818078 2.580681 0.0
-17.102 29.36945 5.21205 0.0
-16.982 42.46336 6.89987 0.0
-16.862 45.7106 6.6375 0.0
-16.742 38.0174 4.96744 0.0
-16.622 23.74728 2.89477 0.0
-16.502 9.956346 1.176164 0.0
-16.382 2.466311 0.288094 0.0
-16.262 0.33277512 0.03873406 0.0
-16.142 0.023500618 0.002730769 0.0
-16.023 0.000851476 9.888775e-05 0.0
-15.903 1.5659568e-05 1.818134e-06 0.0
-15.783 1.4518462e-07 1.6850953e-08 0.0
-15.663 6.7502101e-10 7.8332e-11 0.0
-15.543 1.5685241e-12 1.8199807e-13 0.0
-15.423 1.27442502e-15 3.15573e-16 0.0
-15.303 2.2721274e-13 1.617756e-13 0.0
-15.183 1.0237644e-10 7.28086e-11 0.0
-15.063 2.3182584e-08 1.645591e-08 0.0
-14.944 2.6725511e-06 1.891974e-06 0.0
-14.824 0.00015960274 0.0001125534 0.0
-14.704 0.0050432062 0.003540047 0.0
-14.584 0.08624354 0.06021391 0.0
-14.464 0.811915 0.5640066 0.0
-14.344 4.2393525 2.934036 0.0
-14.224 12.230947 8.44625 0.0
-14.104 19.285275 13.30926 0.0
-13.984 16.399747 11.32248 0.0
-13.865 7.4236613 5.130484 0.0
-13.745 1.7681011 1.223486 0.0
-13.625 0.22620339 0.1587679 0.0
-13.505 0.131197 0.1249855 0.0
-13.385 1.0090698 1.002853 0.0
-13.265 4.733728 4.80576 0.0
-13.145 12.63838 13.42525 0.0
-13.025 20.27587 23.5417 0.0
-12.906 20.9406 28.0049 0.0
-12.786 14.8802 23.3598 0.0
-12.666 7.35719 13.05101 0.0
-12.546 2.356581 4.466104 0.0
-12.426 0.4438795 0.865318 0.0
-12.306 0.04575582 0.09014886 0.0
-12.186 0.002474633 0.004892399 0.0
-12.066 6.856254e-05 0.0001356491 0.0
-11.946 9.61507e-07 1.910066e-06 0.0
-11.827 2.683416e-07 1.476752e-06 0.0
-11.707 1.473572e-05 8.25392e-05 0.0
-11.587 0.0004193378 0.002355805 0.0
-11.467 0.006147646 0.0347615 0.0
-11.347 0.04809078 0.275899 0.0
-11.227 0.2136352 1.261343 0.0
-11.107 0.589318 3.64839 0.0
-10.987 1.115324 7.29569 0.0
-10.867 1.670677 10.82208 0.0
-10.748 2.668276 13.0872 0.0
-10.628 5.04567 14.3292 0.0
-10.508 8.164334 14.8686 0.0
-10.388 9.174969 13.8546 0.0
-10.268 6.922174 11.43024 0.0
-10.148 4.231413 12.8647 0.0
-10.028 3.689449 21.0525 0.0
-9.908 3.858076 25.97963 0.0
-9.788 2.733649 18.913642 0.0
-9.669 1.1145499 7.756538 0.0
-9.549 0.2647333 1.815269 0.0
-9.429 0.1189787 0.662608 0.0
-9.309 0.3115973 1.803598 0.0
-9.189 0.6736665 4.82631 0.0
-9.069 1.1136252 10.2938 0.0
-8.949 1.583981 17.70874 0.0
-8.829 1.813313 23.6213 0.0
-8.709 1.609574 26.0158 0.0
-8.590 1.203396 25.9525 0.0
-8.470 0.793447 22.9153 0.0
-8.350 0.430503 18.3585 0.0
-8.230 0.2029429 15.72782 0.0
-8.110 0.1101974 13.66011 0.0
-7.990 0.1037355 11.61894 0.0
-7.870 0.2145044 14.51952 0.0
-7.750 0.422328 23.995 0.0
-7.630 0.55945 31.3824 0.0
-7.511 0.5565302 30.3766 0.0
-7.391 0.486599 23.8092 0.0
-7.271 0.3555757 15.29772 0.0
-7.151 0.1803515 7.1786 0.0
-7.031 0.0872034 3.32251 0.0
-6.911 0.1579557 6.09105 0.0
-6.791 0.401389 15.50836 0.0
-6.671 0.806849 29.56708 0.0
-6.551 1.237174 41.81088 0.0
-6.432 1.311474 41.8566 0.0
-6.312 0.902761 29.3651 0.0
-6.192 0.4194582 15.95478 0.0
-6.072 0.1599804 8.08243 0.0
-5.952 0.0860616 6.79557 0.0
-5.832 0.0815606 11.98074 0.0
-5.712 0.0750357 19.85854 0.0
-5.592 0.0576307 22.80063 0.0
-5.472 0.05897 17.36166 0.0
-5.353 0.1675793 10.29959 0.0
-5.233 0.4850696 9.52009 0.0
-5.113 0.8877464 13.64642 0.0
-4.993 1.00546 15.15666 0.0
-4.873 0.73877671 11.36208 0.0
-4.753 0.44480036 7.1628 0.0
-4.633 0.39930006 7.11757 0.0
-4.513 0.46110466 9.79518 0.0
-4.393 0.42367897 11.17762 0.0
-4.274 0.33516143 10.02672 0.0
-4.154 0.2476251 7.1226 0.0
-4.034 0.137163674 3.623454 0.0
-3.914 0.045961672 1.150489 0.0
-3.794 0.008435944 0.2065892 0.0
-3.674 0.00081205199 0.01982384 0.0
-3.554 4.0094343e-05 0.000985402 0.0
-3.434 1.00428012e-06 2.730385e-05 0.0
-3.314 1.846631e-07 0.0001713339 0.0
-3.195 6.269313e-06 0.00619936 0.0
-3.075 0.0001180713 0.1151606 0.0
-2.955 0.001178846 1.116842 0.0
-2.835 0.0064804 5.82804 0.0
-2.715 0.02061493 17.16904 0.0
-2.595 0.0400682 30.6643 0.0
-2.475 0.0501485 36.4573 0.0
-2.355 0.0427764 31.72 0.0
-2.235 0.02583464 20.70588 0.0
-2.116 0.01065186 9.2673 0.0
-1.996 0.002718348 2.510373 0.0
-1.876 0.0003936162 0.3782801 0.0
-1.756 3.069819e-05 0.03033308 0.0
-1.636 1.254309e-06 0.0012648389 0.0
-1.516 2.641984e-08 2.704302e-05 0.0
-1.396 2.836533e-10 2.934633e-07 0.0
-1.276 1.539027e-12 1.6036496e-09 0.0
-1.156 4.188736e-15 4.38384e-12 0.0
-1.037 5.376805e-18 5.9400901e-15 0.0
-0.917 0.0 0.0 0.0
-0.797 0.0 0.0 0.0
-0.677 0.0 0.0 0.0
-0.557 0.0 0.0 0.0
-0.437 0.0 0.0 0.0
-0.317 0.0 0.0 0.0
-0.197 0.0 0.0 0.0
-0.077 0.0 0.0 0.0
0.042 0.0 0.0 0.0
0.162 0.0 0.0 0.0
0.282 0.0 0.0 0.0
0.402 0.0 0.0 0.0
0.522 0.0 0.0 0.0
0.642 0.0 0.0 0.0
0.762 0.0 0.0 0.0
0.882 0.0 0.0 0.0
1.002 0.0 0.0 0.0
1.121 0.0 0.0 0.0
1.241 0.0 0.0 0.0
1.361 7.359786e-19 3.48409815e-16 0.0
1.481 7.7298e-16 3.6563511e-13 0.0
1.601 3.509593e-13 1.6600104e-10 0.0
1.721 7.95694e-11 3.7633566e-08 0.0
1.841 9.04778e-09 4.278581e-06 0.0
1.961 5.19202e-07 0.00024544455 0.0
2.081 1.516901e-05 0.007158754 0.0
2.200 0.0002289891 0.10741258 0.0
2.320 0.001839139 0.84561 0.0
2.440 0.00834147 3.628452 0.0
2.560 0.02361433 9.0959 0.0
2.680 0.0463861 14.6369 0.0
2.800 0.0709184 16.28879 0.0
2.920 0.1083392 13.63566 0.0
3.040 0.1654004 10.22334 0.0
3.160 0.1723851 6.67068 0.0
3.279 0.1028314 2.908602 0.0
3.399 0.056532 1.322115 0.0
3.519 0.1052276 3.715836 0.0
3.639 0.2334911 11.08782 0.0
3.759 0.3696959 19.0675 0.0
3.879 0.449538 20.4525 0.0
3.999 0.442831 17.22495 0.0
4.119 0.356821 14.13961 0.0
4.239 0.334274 11.46135 0.0
4.358 0.543039 10.21773 0.0
4.478 0.867634 10.64118 0.0
4.598 0.978974 9.55742 0.0
4.718 0.835701 6.11152 0.0
4.838 0.605228 3.02176 0.0
4.958 0.3665678 1.509295 0.0
5.078 0.206002 0.942617 0.0
5.198 0.2181817 0.748715 0.0
5.318 0.4122022 0.92464 0.0
5.437 0.674848 1.548848 0.0
5.557 0.866459 2.264924 0.0
5.677 0.891365 2.45777 0.0
5.797 0.826817 2.19744 0.0
5.917 0.8512 2.10037 0.0
6.037 1.04252 2.49425 0.0
6.157 1.30642 3.15725 0.0
6.277 1.365696 3.40261 0.0
6.397 1.21865 3.19779 0.0
6.516 1.058265 2.88564 0.0
6.636 0.913787 2.50831 0.0
6.756 0.784767 2.11751 0.0
6.876 0.733792 1.87257 0.0
6.996 0.769348 1.85062 0.0
7.116 0.79617 1.86731 0.0
7.236 0.729414 1.68787 0.0
7.356 0.600513 1.350381 0.0
7.476 0.4760568 1.036265 0.0
7.595 0.3228719 0.697628 0.0
7.715 0.148662 0.3245874 0.0
7.835 0.04004759 0.0885981 0.0
7.955 0.005878866 0.01313947 0.0
8.075 0.0004532403 0.001019941 0.0
8.195 1.7951023e-05 4.056566e-05 0.0
8.315 3.5993957e-07 8.153968e-07 0.0
8.435 3.6176996e-09 8.207222e-09 0.0
8.555 1.81011119e-11 4.110016e-11 0.0
8.674 4.4914386e-14 1.0201591e-13 0.0
8.794 5.4109677e-17 1.229856e-16 0.0
8.914 0.0 0.0 0.0
9.034 0.0 0.0 0.0
9.154 0.0 0.0 0.0
9.274 0.0 0.0 0.0
9.394 0.0 0.0 0.0
9.514 0.0 0.0 0.0
