-26.453 0.0 0.0 0.0
-26.333 0.0 0.0 0.0
-26.213 0.0 0.0 0.0
-26.093 0.0 0.0 0.0
-25.973 0.0 0.0 0.0
-25.853 0.0 0.0 0.0
-25.734 0.0 0.0 0.0
-25.614 1.407813e-15 2.1460806e-16 0.0
-25.494 1.5652991e-12 2.4005366e-13 0.0
-25.374 6.744424e-10 1.0350254e-10 0.0
-25.254 1.4420814e-07 2.2144276e-08 0.0
-25.134 1.5336647e-05 2.3578322e-06 0.0
-25.014 0.0008148374 0.0001253513 0.0
-24.894 0.021702484 0.003341523 0.0
-24.774 0.29109745 0.044859769 0.0
-24.655 1.975644 0.30469931 0.0
-24.535 6.815747 1.0521099 0.0
-24.415 12.06893 1.863516 0.0
-24.295 11.66016 1.79197 0.0
-24.175 9.2178 1.37232 0.0
-24.055 11.3038 1.62176 0.0
-23.935 12.34631 1.758149 0.0
-23.815 7.483929 1.0654585 0.0
-23.695 2.3291254 0.331678 0.0
-23.576 0.36785705 0.05241362 0.0
-23.456 0.02934117 0.00418233 0.0
-23.336 0.0011763739 0.00016773062 0.0
-23.216 2.35899e-05 3.365216e-06 0.0
-23.096 2.3570752e-07 3.363782e-08 0.0
-22.976 1.1692627e-09 1.6692323e-10 0.0
-22.856 2.8712855e-12 4.100112e-13 0.0
-22.736 2.8036265e-15 4.0159501e-16 0.0
-22.616 0.0 0.0 0.0
-22.497 0.0 0.0 0.0
-22.377 0.0 0.0 0.0
-22.257 0.0 0.0 0.0
-22.137 0.0 0.0 0.0
-22.017 0.0 0.0 0.0
-21.897 0.0 0.0 0.0
-21.777 0.0 0.0 0.0
-21.657 0.0 0.0 0.0
-21.537 1.52244e-15 4.79064e-17 0.0
-21.418 9.81401e-13 3.08082e-14 0.0
-21.298 4.40942e-10 1.385597e-11 0.0
-21.178 9.81109e-08 3.08681e-09 0.0
-21.058 1.0874e-05 3.42728e-07 0.0
-20.938 0.000604272 1.90931e-05 0.0
-20.818 0.016985 0.000538734 0.0
-20.698 0.244483 0.00779578 0.0
-20.578 1.83528 0.0589408 0.0
-20.458 7.40912 0.240114 0.0
-20.339 17.1053 0.558757 0.0
-20.219 25.201 0.82464 0.0
-20.099 26.441 0.86404 0.0
-19.979 19.458 0.67435 0.0
-19.859 9.13122 0.512362 0.0
-19.739 3.09848 0.64314 0.0
-19.619 1.49792 0.80412 0.0
-19.499 0.94632 0.62853 0.0
-19.379 0.403533 0.279192 0.0
-19.260 0.0965789 0.0679753 0.0
-19.140 0.01238093 0.00879511 0.0
-19.020 0.00082599 0.000590069 0.0
-18.900 2.81478e-05 2.017401e-05 0.0
-18.780 4.83693e-07 3.47214e-07 0.0
-18.660 4.154092e-09 2.985075e-09 0.0
-18.540 1.772881e-11 1.274505e-11 0.0
-18.420 3.745227e-14 2.694594e-14 0.0
-18.300 8.125274e-16 1.7877e-16 0.0
-18.181 6.375052e-13 1.40632e-13 0.0
-18.061 2.368123e-10 5.23172e-11 0.0
-17.941 4.373396e-08 9.67695e-09 0.0
-17.821 4.029667e-06 8.93947e-07 0.0
-17.701 0.0001861726 4.15335e-05 0.0
-17.581 0.004342349 0.0009824 0.0
-17.461 0.0516386 0.0121354 0.0
-17.341 0.31832 0.082913 0.0
-17.221 1.0475 0.35223 0.0
-17.102 1.93992 1.07647 0.0
-16.982 2.19239 2.46234 0.0
-16.862 1.65867 3.9552 0.0
-16.742 0.90948 4.2882 0.0
-16.622 0.387004 3.06155 0.0
-16.502 0.126858 1.35038 0.0
-16.382 0.0280059 0.339744 0.0
-16.262 0.003604885 0.0460436 0.0
-16.142 0.000249438 0.003254405 0.0
-16.023 8.943474e-06 0.0001179102 0.0
-15.903 1.633586e-07 2.167559e-06 0.0
-15.783 1.507394e-09 2.0088e-08 0.0
-15.663 6.979926e-12 9.335811e-11 0.0
-15.543 1.616562e-14 2.168335e-13 0.0
-15.423 1.45418e-17 1.84816e-16 0.0
-15.303 3.696e-15 3.9309e-14 0.0
-15.183 1.68518e-12 1.7702e-11 0.0
-15.063 3.8818e-10 4.0038e-09 0.0
-14.944 4.5948e-08 4.6104e-07 0.0
-14.824 2.85393e-06 2.74988e-05 0.0
-14.704 9.5125e-05 0.00086859 0.0
-14.584 0.00173668 0.0148715 0.0
-14.464 0.0175515 0.140527 0.0
-14.344 0.098125 0.73842 0.0
-14.224 0.300438 2.14734 0.0
-14.104 0.49729 3.4152 0.0
-13.984 0.43948 2.92854 0.0
-13.865 0.204918 1.33548 0.0
-13.745 0.049938 0.320004 0.0
-13.625 0.006814 0.0425289 0.0
-13.505 0.0092688 0.046986 0.0
-13.385 0.081133 0.3864 0.0
-13.265 0.4257 1.83644 0.0
-13.145 1.39342 4.9561 0.0
-13.025 3.08418 7.944 0.0
-12.906 4.7184 8.0016 0.0
-12.786 4.761 5.414 0.0
-12.666 2.94965 2.54263 0.0
-12.546 1.05452 0.78851 0.0
-12.426 0.207478 0.146402 0.0
-12.306 0.0217115 0.0150162 0.0
-12.186 0.001179591 0.000811699 0.0
-12.066 3.27046e-05 2.25017e-05 0.0
-11.946 4.58942e-07 3.24377e-07 0.0
-11.827 1.92936e-07 1.03781e-06 0.0
-11.707 1.07154e-05 5.8434e-05 0.0
-11.587 0.000306978 0.00166933 0.0
-11.467 0.004569 0.0246883 0.0
-11.347 0.0369692 0.196933 0.0
-11.227 0.175776 0.9087 0.0
-11.107 0.542952 2.66802 0.0
-10.987 1.18146 5.4273 0.0
-10.867 1.89036 8.2008 0.0
-10.748 2.2503 10.2522 0.0
-10.628 1.88154 12.0378 0.0
-10.508 1.00452 13.6158 0.0
-10.388 0.364859 13.1748 0.0
-10.268 0.206052 9.3198 0.0
-10.148 0.40776 4.69388 0.0
-10.028 0.84334 2.55935 0.0
-9.908 1.09116 2.14471 0.0
-9.788 0.81732 1.49814 0.0
-9.669 0.344574 0.63024 0.0
-9.549 0.080623 0.259554 0.0
-9.429 0.0161815 0.76446 0.0
-9.309 0.0247771 2.56864 0.0
-9.189 0.061709 5.1228 0.0
-9.069 0.121481 6.8196 0.0
-8.949 0.189912 7.2408 0.0
-8.829 0.234117 6.873 0.0
-8.709 0.239937 6.4842 0.0
-8.590 0.210347 6.5604 0.0
-8.470 0.151842 6.6288 0.0
-8.350 0.086631 7.1142 0.0
-8.230 0.042329 8.1179 0.0
-8.110 0.0221516 7.7725 0.0
-7.990 0.0187326 5.8182 0.0
-7.870 0.037347 4.5066 0.0
-7.750 0.072972 5.5338 0.0
-7.630 0.098726 7.818 0.0
-7.511 0.116784 9.7434 0.0
-7.391 0.140009 10.398 0.0
-7.271 0.129354 8.3478 0.0
-7.151 0.08142 4.2394 0.0
-7.031 0.096668 1.39227 0.0
-6.911 0.292179 1.0035 0.0
-6.791 0.6621 2.17854 0.0
-6.671 0.98952 4.0543 0.0
-6.551 1.07988 5.706 0.0
-6.432 0.9297 5.9502 0.0
-6.312 0.64382 4.7808 0.0
-6.192 0.368412 3.2436 0.0
-6.072 0.167981 1.84302 0.0
-5.952 0.055452 1.23975 0.0
-5.832 0.0219844 1.93696 0.0
-5.712 0.0234246 3.2898 0.0
-5.592 0.0260787 3.8904 0.0
-5.472 0.042762 3.5136 0.0
-5.353 0.166956 4.7145 0.0
-5.233 0.5352 10.2846 0.0
-5.113 1.05542 17.3418 0.0
-4.993 1.27302 18.5496 0.0
-4.873 0.98838 13.2159 0.0
-4.753 0.66221 9.588 0.0
-4.633 0.71183 12.8193 0.0
-4.513 0.91476 17.888 0.0
-4.393 0.90978 18.5814 0.0
-4.274 0.7503 15.9011 0.0
-4.154 0.53645 11.7313 0.0
-4.034 0.28074 6.3648 0.0
-3.914 0.090188 2.12304 0.0
-3.794 0.0161539 0.39288 0.0
-3.674 0.00153589 0.038376 0.0
-3.554 7.545e-05 0.00192767 0.0
-3.434 1.8862e-06 4.9377e-05 0.0
-3.314 2.03704e-07 2.40931e-05 0.0
-3.195 6.6476e-06 0.00089067 0.0
-3.075 0.000127488 0.0175603 0.0
-2.955 0.00130739 0.185134 0.0
-2.835 0.007481 1.09007 0.0
-2.715 0.0251269 3.7818 0.0
-2.595 0.051598 8.1025 0.0
-2.475 0.066087 11.0472 0.0
-2.355 0.053358 9.8347 0.0
-2.235 0.0277235 5.8875 0.0
-2.116 0.0094013 2.36236 0.0
-1.996 0.00202621 0.59743 0.0
-1.876 0.000260664 0.087779 0.0
-1.756 1.88137e-05 0.0070399 0.0
-1.636 7.293e-07 0.000296738 0.0
-1.516 1.47911e-08 6.4302e-06 0.0
-1.396 1.54318e-10 7.0649e-08 0.0
-1.276 8.18896e-13 3.8977e-10 0.0
-1.156 2.18848e-15 1.07237e-12 0.0
-1.037 2.77759e-18 1.61444e-15 0.0
-0.917 0.0 0.0 0.0
-0.797 0.0 0.0 0.0
-0.677 0.0 0.0 0.0
-0.557 0.0 0.0 0.0
-0.437 0.0 0.0 0.0
-0.317 0.0 0.0 0.0
-0.197 0.0 0.0 0.0
-0.077 0.0 0.0 0.0
0.042 0.0 0.0 0.0
0.162 0.0 0.0 0.0
0.282 0.0 0.0 0.0
0.402 0.0 0.0 0.0
0.522 0.0 0.0 0.0
0.642 0.0 0.0 0.0
0.762 0.0 0.0 0.0
0.882 0.0 0.0 0.0
1.002 0.0 0.0 0.0
1.121 0.0 0.0 0.0
1.241 0.0 0.0 0.0
1.361 6.665e-20 3.3260222e-17 0.0
1.481 9.276e-17 3.79404e-14 0.0
1.601 4.4186e-14 1.75004e-11 0.0
1.721 1.05534e-11 4.03865e-09 0.0
1.841 1.26634e-09 4.67986e-07 0.0
1.961 7.6619e-08 2.7372e-05 0.0
2.081 2.34862e-06 0.00081337 0.0
2.200 3.6741e-05 0.0123972 0.0
2.320 0.000297174 0.098526 0.0
2.440 0.00127724 0.42167 0.0
2.560 0.0030907 1.03534 0.0
2.680 0.0046756 1.60903 0.0
2.800 0.005207 1.76102 0.0
2.920 0.0057034 1.55927 0.0
3.040 0.0071173 1.31718 0.0
3.160 0.00709254 0.92465 0.0
3.279 0.00632925 0.410935 0.0
3.399 0.0165859 0.190782 0.0
3.519 0.054172 0.54653 0.0
3.639 0.116999 1.65715 0.0
3.759 0.176684 3.0019 0.0
3.879 0.210501 3.7381 0.0
3.999 0.216916 4.3396 0.0
4.119 0.198527 5.2485 0.0
4.239 0.195956 5.8507 0.0
4.358 0.289063 6.2725 0.0
4.478 0.4318 6.7272 0.0
4.598 0.4658 5.9389 0.0
4.718 0.4204 3.6824 0.0
4.838 0.400989 1.6816 0.0
4.958 0.357911 0.69075 0.0
5.078 0.265523 0.295943 0.0
5.198 0.19565 0.158447 0.0
5.318 0.242355 0.172885 0.0
5.437 0.48834 0.328424 0.0
5.557 0.91339 0.58549 0.0
5.677 1.27481 0.82075 0.0
5.797 1.40545 1.00274 0.0
5.917 1.41627 1.18666 0.0
6.037 1.37347 1.3791 0.0
6.157 1.34881 1.62855 0.0
6.277 1.36814 1.87122 0.0
6.397 1.33148 1.96171 0.0
6.516 1.13154 1.76349 0.0
6.636 0.8283 1.3627 0.0
6.756 0.58183 1.01137 0.0
6.876 0.459455 0.82928 0.0
6.996 0.45747 0.82269 0.0
7.116 0.48482 0.86352 0.0
7.236 0.44542 0.81415 0.0
7.356 0.352996 0.69773 0.0
7.476 0.266091 0.58293 0.0
7.595 0.173908 0.411102 0.0
7.715 0.0780012 0.193075 0.0
7.835 0.020602 0.0524853 0.0
7.955 0.00298194 0.0077387 0.0
8.075 0.000227801 0.000598003 0.0
8.195 8.97073e-06 2.37115e-05 0.0
8.315 1.792635e-07 4.75791e-07 0.0
8.435 1.798271e-09 4.78414e-09 0.0
8.555 8.987413e-12 2.39425e-11 0.0
8.674 2.229062e-14 5.94136e-14 0.0
8.794 2.682681e-17 7.15862e-17 0.0
8.914 0.0 0.0 0.0
9.034 0.0 0.0 0.0
9.154 0.0 0.0 0.0
9.274 0.0 0.0 0.0
9.394 0.0 0.0 0.0
9.514 0.0 0.0 0.0
