-26.453 0.0 0.0 0.0
-26.333 0.0 0.0 0.0
-26.213 0.0 0.0 0.0
-26.093 0.0 0.0 0.0
-25.973 0.0 0.0 0.0
-25.853 0.0 0.0 0.0
-25.734 0.0 0.0 0.0
-25.614 8.142e-18 3.2407e-18 2.2501e-18
-25.494 7.362e-15 4.2224e-15 3.0443e-15
-25.374 3.0757e-12 1.8541e-12 1.3427e-12
-25.254 6.36e-10 4.0412e-10 2.9387e-10
-25.134 6.534e-08 4.3837e-08 3.2011e-08
-25.014 3.3446e-06 2.3747e-06 1.7412e-06
-24.894 8.568e-05 6.45e-05 4.7478e-05
-24.774 0.0011028 0.0008814 0.0006516
-24.655 0.00717 0.006096 0.0045246
-24.535 0.023646 0.021432 0.015966
-24.415 0.039996 0.038694 0.028944
-24.295 0.037194 0.03861 0.029088
-24.175 0.029694 0.033438 0.02565
-24.055 0.03732 0.044916 0.034836
-23.935 0.039858 0.050472 0.039084
-23.815 0.023352 0.031043 0.023954
-23.695 0.007014 0.00978 0.007518
-23.576 0.0010698 0.0015623 0.0011976
-23.456 8.243e-05 0.00012594 9.624e-05
-23.336 3.1936e-06 5.1001e-06 3.887e-06
-23.216 6.197e-08 1.0326e-07 7.848e-08
-23.096 5.9949e-10 1.0408e-09 7.892e-10
-22.976 2.883e-12 5.2048e-12 3.9382e-12
-22.856 6.871e-15 1.2877e-14 9.723e-15
-22.736 4.6416e-18 1.3542e-17 1.0014e-17
-22.616 0.0 0.0 0.0
-22.497 0.0 0.0 0.0
-22.377 0.0 0.0 0.0
-22.257 0.0 0.0 0.0
-22.137 0.0 0.0 0.0
-22.017 0.0 0.0 0.0
-21.897 0.0 0.0 0.0
-21.777 0.0 0.0 0.0
-21.657 0.0 0.0 0.0
-21.537 3.0312e-17 7.782e-18 6.048e-18
-21.418 1.968e-14 4.9624e-15 3.8794e-15
-21.298 8.796e-12 2.2424e-12 1.759e-12
-21.178 1.9436e-09 5.0296e-10 3.9646e-10
-21.058 2.1316e-07 5.6392e-08 4.4788e-08
-20.938 1.1658e-05 3.1876e-06 2.56e-06
-20.818 0.00031968 9.192e-05 7.5e-05
-20.698 0.004428 0.0013734 0.0011452
-20.578 0.031282 0.010896 0.009341
-20.458 0.11442 0.047772 0.042264
-20.339 0.22351 0.12426 0.11346
-20.219 0.25032 0.21294 0.19896
-20.099 0.1833 0.25626 0.24192
-19.979 0.09771 0.2049 0.19422
-19.859 0.036978 0.09954 0.09576
-19.739 0.011983 0.032269 0.0341
-19.619 0.006863 0.012834 0.016782
-19.499 0.0045822 0.00705 0.010146
-19.379 0.0019476 0.0027909 0.0041238
-19.260 0.0004644 0.0006342 0.0009516
-19.140 5.9563e-05 7.842e-05 0.00011904
-19.020 3.9899e-06 5.1137e-06 7.824e-06
-18.900 1.367e-07 1.7172e-07 2.6418e-07
-18.780 2.3632e-09 2.9218e-09 4.5131e-09
-18.660 2.0423e-11 2.4917e-11 3.8613e-11
-18.540 8.772e-14 1.0577e-13 1.6434e-13
-18.420 1.8628e-16 2.2229e-16 3.4617e-16
-18.300 7.73e-18 1.138e-17 1.8182e-17
-18.181 6.473e-15 8.73e-15 1.4178e-14
-18.061 2.4641e-12 3.2184e-12 5.2482e-12
-17.941 4.6591e-10 5.9009e-10 9.652e-10
-17.821 4.3887e-08 5.4019e-08 8.85e-08
-17.701 2.0685e-06 2.4815e-06 4.0664e-06
-17.581 4.9035e-05 5.7582e-05 9.426e-05
-17.461 0.00058917 0.0006815 0.0011136
-17.341 0.0036315 0.0041754 0.006826
-17.221 0.011754 0.01365 0.022512
-17.102 0.021108 0.025308 0.043212
-16.982 0.024058 0.030168 0.055644
-16.862 0.022518 0.028206 0.05646
-16.742 0.02043 0.023844 0.047808
-16.622 0.015004 0.016412 0.031134
-16.502 0.007002 0.007374 0.013452
-16.382 0.0018384 0.0018678 0.003396
-16.262 0.00025758 0.00025008 0.00046551
-16.142 1.881e-05 1.7196e-05 3.3402e-05
-16.023 7.062e-07 5.9929e-07 1.2312e-06
-15.903 1.3488e-08 1.05e-08 2.3069e-08
-15.783 1.3008e-10 9.204e-11 2.1802e-10
-15.663 6.294e-13 4.0194e-13 1.0333e-12
-15.543 1.5198e-15 8.74e-16 2.4462e-15
-15.423 2.6322e-18 1.2847e-19 2.1976e-18
-15.303 9.744e-16 1.2486e-17 2.757e-16
-15.183 4.2828e-13 6.629e-15 1.245e-13
-15.063 9.318e-11 1.8368e-12 2.8236e-11
-14.944 1.0092e-08 2.736e-10 3.2712e-09
-14.824 5.4684e-07 2.2008e-08 1.9782e-07
-14.704 1.4964e-05 9.54e-07 6.42e-06
-14.584 0.00020939 2.2128e-05 0.00011514
-14.464 0.0015264 0.00027282 0.001164
-14.344 0.0059586 0.0017784 0.006636
-14.224 0.0129 0.0061 0.021048
-14.104 0.01605 0.010968 0.036348
-13.984 0.011676 0.010299 0.033517
-13.865 0.0049062 0.0050255 0.016254
-13.745 0.0011538 0.0012678 0.0040986
-13.625 0.00020172 0.00019686 0.000654
-13.505 0.0010314 0.00054402 0.0020544
-13.385 0.009864 0.0046434 0.017562
-13.265 0.052242 0.023333 0.08646
-13.145 0.1602 0.07464 0.26796
-13.025 0.30558 0.16584 0.5856
-12.906 0.39042 0.25716 0.9186
-12.786 0.34536 0.26016 0.9534
-12.666 0.20202 0.15966 0.59916
-12.546 0.0714 0.056305 0.21499
-12.426 0.014113 0.010944 0.042285
-12.306 0.0014871 0.0011358 0.0044205
-12.186 8.119e-05 6.138e-05 0.00023997
-12.066 2.2596e-06 1.6959e-06 6.651e-06
-11.946 3.5361e-08 2.3694e-08 9.321e-08
-11.827 4.134e-07 3.5759e-09 2.8758e-08
-11.707 2.3189e-05 2.217e-07 1.8612e-06
-11.587 0.0006546 8.196e-06 7.074e-05
-11.467 0.00942 0.00018156 0.0016194
-11.347 0.07086 0.0024528 0.022542
-11.227 0.291 0.019896 0.18738
-11.107 0.6984 0.09576 0.9228
-10.987 1.0686 0.28026 2.7744
-10.867 1.1082 0.53346 5.4846
-10.748 0.7926 0.7038 7.584
-10.628 0.39396 0.6336 7.23
-10.508 0.14082 0.37446 4.7544
-10.388 0.041166 0.16728 2.6185
-10.268 0.014694 0.0765 1.4634
-10.148 0.0117 0.034512 0.8148
-10.028 0.016482 0.018186 0.7362
-9.908 0.019946 0.016902 0.8823
-9.788 0.015876 0.013584 0.7044
-9.669 0.007434 0.006558 0.39168
-9.549 0.0024726 0.005526 1.047
-9.429 0.00663 0.024644 6.102
-9.309 0.040152 0.07752 20.292
-9.189 0.15288 0.13176 38.28
-9.069 0.36258 0.13224 47.406
-8.949 0.53496 0.1068 48.774
-8.829 0.48564 0.11292 47.754
-8.709 0.28908 0.14646 44.13
-8.590 0.16206 0.16386 38.488
-8.470 0.12036 0.13806 30.294
-8.350 0.08472 0.09708 21.567
-8.230 0.054858 0.07704 16.572
-8.110 0.06564 0.0636 13.584
-7.990 0.23694 0.04056 9.432
-7.870 0.7938 0.020663 4.6998
-7.750 1.4964 0.02079 1.9146
-7.630 1.6026 0.044418 1.6224
-7.511 1.4148 0.07188 1.977
-7.391 1.6062 0.078 1.695
-7.271 1.5264 0.058206 1.0296
-7.151 0.8358 0.032226 0.48
-7.031 0.24402 0.040082 0.378
-6.911 0.046965 0.12192 1.0158
-6.791 0.044424 0.26568 2.2764
-6.671 0.11676 0.37446 3.234
-6.551 0.2448 0.38886 3.165
-6.432 0.41904 0.3585 2.4936
-6.312 0.6072 0.33096 1.8678
-6.192 0.6552 0.27654 1.347
-6.072 0.4749 0.1641 0.7434
-5.952 0.29352 0.07446 0.26562
-5.832 0.21048 0.08226 0.10956
-5.712 0.12396 0.14376 0.13884
-5.592 0.049548 0.16494 0.18666
-5.472 0.017628 0.19686 0.24608
-5.353 0.009147 0.56427 0.6264
-5.233 0.01032 1.5852 1.8006
-5.113 0.012906 2.7871 3.4368
-4.993 0.011562 3.0174 4.0764
-4.873 0.006798 2.1342 3.2352
-4.753 0.0028692 1.3782 2.619
-4.633 0.0027854 1.4928 3.5455
-4.513 0.006864 1.7322 4.6597
-4.393 0.012624 1.3962 4.4334
-4.274 0.01422 0.9282 3.57
-4.154 0.009444 0.642 2.6308
-4.034 0.0036288 0.36426 1.443
-3.914 0.0008022 0.1262 0.48053
-3.794 0.00010189 0.023729 0.08802
-3.674 7.366e-06 0.0023214 0.008478
-3.554 2.9595e-07 0.00011592 0.0004196
-3.434 6.516e-09 2.9239e-06 1.0542e-05
-3.314 7.836e-09 6.378e-08 1.6496e-06
-3.195 2.8579e-07 9.784e-07 5.6332e-05
-3.075 5.4642e-06 1.851e-05 0.001083
-2.955 5.5879e-05 0.0001881 0.01107
-2.835 0.00031901 0.0010788 0.06276
-2.715 0.0010677 0.003699 0.20838
-2.595 0.0021743 0.007872 0.42798
-2.475 0.0027419 0.010392 0.56585
-2.355 0.0021851 0.0084 0.49762
-2.235 0.0011466 0.0041892 0.29994
-2.116 0.00040548 0.0013176 0.12258
-1.996 9.234e-05 0.0002602 0.031614
-1.876 1.2438e-05 3.0798e-05 0.0047165
-1.756 9.264e-07 2.058e-06 0.00038232
-1.636 3.6672e-08 7.422e-08 1.6236e-05
-1.516 7.548e-10 1.4088e-09 3.5346e-07
-1.396 7.956e-12 1.3842e-11 3.8951e-09
-1.276 4.2526e-14 6.978e-14 2.1533e-11
-1.156 1.1424e-16 1.7886e-16 5.9298e-14
-1.037 1.662e-19 1.9248e-19 8.982e-17
-0.917 0.0 0.0 0.0
-0.797 0.0 0.0 0.0
-0.677 0.0 0.0 0.0
-0.557 0.0 0.0 0.0
-0.437 0.0 0.0 0.0
-0.317 0.0 0.0 0.0
-0.197 0.0 0.0 0.0
-0.077 0.0 0.0 0.0
0.042 0.0 0.0 0.0
0.162 0.0 0.0 0.0
0.282 0.0 0.0 0.0
0.402 0.0 0.0 0.0
0.522 0.0 0.0 0.0
0.642 0.0 0.0 0.0
0.762 0.0 0.0 0.0
0.882 0.0 0.0 0.0
1.002 0.0 0.0 0.0
1.121 0.0 0.0 0.0
1.241 0.0 0.0 0.0
1.361 6.334e-20 2.5099e-19 7.245e-19
1.481 5.4533e-17 2.3446e-16 8.843e-16
1.601 2.3626e-14 1.0382e-13 4.1247e-13
1.721 5.0594e-12 2.2856e-11 9.636e-11
1.841 5.3711e-10 2.5142e-09 1.1299e-08
1.961 2.8368e-08 1.3915e-07 6.678e-07
2.081 7.487e-07 3.9102e-06 1.9992e-05
2.200 9.922e-06 5.6562e-05 0.00030502
2.320 6.641e-05 0.00043031 0.0023948
2.440 0.000226 0.001787 0.00986
2.560 0.00039518 0.0043256 0.022174
2.680 0.00036792 0.006827 0.029645
2.800 0.00023597 0.008651 0.027379
2.920 0.00026955 0.011684 0.022302
3.040 0.00044381 0.015126 0.019524
3.160 0.00048282 0.012823 0.014497
3.279 0.00059454 0.006252 0.007017
3.399 0.0021128 0.0053353 0.006703
3.519 0.006584 0.024161 0.030037
3.639 0.013183 0.07873 0.09521
3.759 0.019338 0.15088 0.17618
3.879 0.021462 0.20945 0.22469
3.999 0.017098 0.26908 0.25756
4.119 0.012667 0.31504 0.28591
4.239 0.022618 0.3162 0.29638
4.358 0.060597 0.30558 0.33165
4.478 0.10896 0.2992 0.39444
4.598 0.12896 0.2512 0.37492
4.718 0.13291 0.1691 0.25027
4.838 0.1572 0.10554 0.12958
4.958 0.19481 0.067323 0.063792
5.078 0.2017 0.045676 0.036144
5.198 0.14786 0.046592 0.035112
5.318 0.12156 0.07635 0.0585
5.437 0.31133 0.12104 0.09239
5.557 0.8193 0.15523 0.11415
5.677 1.3465 0.15958 0.10942
5.797 1.4527 0.15597 0.10556
5.917 1.2164 0.21918 0.15904
6.037 0.9654 0.40959 0.28803
6.157 0.9997 0.62671 0.4121
6.277 1.4411 0.67569 0.40721
6.397 1.8697 0.60959 0.31873
6.516 1.7067 0.58005 0.26487
6.636 1.1109 0.57694 0.24633
6.756 0.64074 0.5487 0.22757
6.876 0.48865 0.52979 0.2165
6.996 0.57343 0.56371 0.2275
7.116 0.67706 0.60208 0.24472
7.236 0.63268 0.578 0.24264
7.356 0.50134 0.50127 0.21848
7.476 0.37935 0.4141 0.18559
7.595 0.24299 0.28657 0.131398
7.715 0.105194 0.132759 0.062184
7.835 0.0268895 0.035788 0.0170583
7.955 0.00379959 0.0052493 0.0025339
8.075 0.000285607 0.00040444 0.000196801
8.195 1.11354e-05 1.60109e-05 7.8288e-06
8.315 2.21166e-07 3.2089e-07 1.5739e-07
8.435 2.21091e-09 3.2246e-09 1.5842e-09
8.555 1.10299e-11 1.61329e-11 7.9331e-12
8.674 2.73293e-14 4.0025e-14 1.96928e-14
8.794 3.28358e-17 4.822e-17 2.3739e-17
8.914 0.0 0.0 0.0
9.034 0.0 0.0 0.0
9.154 0.0 0.0 0.0
9.274 0.0 0.0 0.0
9.394 0.0 0.0 0.0
9.514 0.0 0.0 0.0
